,ALDE,ECR,EFDD,ENF,GUE/NGL,NI,PPE,S&D,Verts/ALE
ALDE,1.0,0.95,0.9,0.2,0.15,0.2,0.95,0.95,0.15
ECR,0.95,1.0,0.95,0.25,0.1,0.15,1.0,1.0,0.1
EFDD,0.9,0.95,1.0,0.275,0.125,0.175,0.95,0.95,0.125
ENF,0.2,0.25,0.275,1.0,0.65,0.775,0.25,0.25,0.65
GUE/NGL,0.15,0.1,0.125,0.65,1.0,0.725,0.1,0.1,1.0
NI,0.2,0.15,0.175,0.775,0.725,1.0,0.15,0.15,0.725
PPE,0.95,1.0,0.95,0.25,0.1,0.15,1.0,1.0,0.1
S&D,0.95,1.0,0.95,0.25,0.1,0.15,1.0,1.0,0.1
Verts/ALE,0.15,0.1,0.125,0.65,1.0,0.725,0.1,0.1,1.0
